       0.0010000000000000   4.5592709875081823e+36
       0.0021000000000000   4.5592679787803344e+36
       0.0033100000000000   4.5592641677609314e+36
       0.0046410000000000   4.5592594443573649e+36
       0.0061051000000000   4.5592539535177522e+36
       0.0077156100000000   4.5592478179189419e+36
       0.0094871710000000   4.5592411043568208e+36
       0.0114358881000000   4.5592338450396420e+36
       0.0135794769100000   4.5592260518089555e+36
       0.0159374246010000   4.5592177238853967e+36
       0.0185311670611000   4.5592088521194001e+36
       0.0213842837672100   4.5591994214050980e+36
       0.0245227121439310   4.5591894120990456e+36
       0.0279749833583241   4.5591788008771792e+36
       0.0317724816941565   4.5591675612594602e+36
       0.0359497298635722   4.5591556639307015e+36
       0.0405447028499294   4.5591430769294354e+36
       0.0455991731349224   4.5591297657497380e+36
       0.0511590904484146   4.5591156933821251e+36
       0.0572749994932561   4.5591008203107088e+36
       0.0640024994425817   4.5590851044773198e+36
       0.0714027493868398   4.5590685012199311e+36
       0.0795430243255238   4.5590509631898761e+36
       0.0884973267580762   4.5590324402507876e+36
       0.0983470594338839   4.5590128793618172e+36
       0.1091817653772723   4.5589922244454515e+36
       0.1210999419149995   4.5589704162420228e+36
       0.1342099361064995   4.5589473921488985e+36
       0.1486309297171494   4.5589230860473616e+36
       0.1644940226888644   4.5588970288539850e+36
       0.1819434249577508   4.5588695423692125e+36
       0.2011377674535259   4.5588405481169150e+36
       0.2222515441988785   4.5588099632798417e+36
       0.2454766986187664   4.5587777004445381e+36
       0.2710243684806430   4.5587436673289380e+36
       0.2991268053287074   4.5587077664904191e+36
       0.3300394858615782   4.5586698950273214e+36
       0.3640434344477360   4.5586299442053656e+36
       0.4014477778925096   4.5585877991378924e+36
       0.4425925556817606   4.5585433383886192e+36
       0.4878518112499368   4.5584964335599685e+36
       0.5376369923749305   4.5584469488502398e+36
       0.5924006916124236   4.5583947405781439e+36
       0.6526407607736660   4.5583396566713144e+36
       0.7189048368510326   4.5582815361163861e+36
       0.7917953205361359   4.5582202083669433e+36
       0.8719748525897495   4.5581554927048564e+36
       0.9601723378487246   4.5580871975527829e+36
       1.0571895716335971   4.5580151197289050e+36
       1.1639085287969568   4.5579390436478022e+36
       1.2812993816766527   4.5578587404502183e+36
       1.4104293198443181   4.5577739670639176e+36
       1.5524722518287501   4.5576844651891514e+36
       1.7087194770116254   4.5575899601929697e+36
       1.8805914247127882   4.5574901599143755e+36
       2.0696505671840670   4.5573847533652738e+36
       2.2776156239024741   4.5572734093173330e+36
       2.5063771862927218   4.5571557747626985e+36
       2.7580149049219944   4.5570314732415796e+36
       3.0348163954141940   4.5569001030167039e+36
       3.3392980349556138   4.5567612350792821e+36
       3.6742278384511757   4.5566144109785064e+36
       4.0426506222962937   4.5564591404431785e+36
       4.4479156845259231   4.5562948987848440e+36
       4.8937072529785155   4.5561211240609781e+36
       5.3840779782763679   4.5559372139635268e+36
       5.9234857761040054   4.5557425224149954e+36
       6.5168343537144064   4.5555363558351096e+36
       7.1695177890858481   4.5553179690543083e+36
       7.8874695679944340   4.5550865608163432e+36
       8.6772165247938773   4.5548412688610527e+36
       9.5459381772732659   4.5545811644935867e+36
      10.5015319950005939   4.5543052466428542e+36
      11.5526851945006541   4.5540124353012258e+36
      12.7089537139507200   4.5537015643256727e+36
      13.9808490853457936   4.5533713734910138e+36
      15.3799339938803747   4.5530204997435493e+36
      16.9189273932684152   4.5526474675660848e+36
      18.6118201325952590   4.5522506783330449e+36
      20.4740021458547865   4.5518283985895203e+36
      22.5224023604402674   4.5513787471110641e+36
      24.7756425964842961   4.5508996805888162e+36
      27.2542068561327291   4.5503889778893029e+36
      29.9806275417460029   4.5498442226080647e+36
      32.9796902959206051   4.5492627838317125e+36
      36.2786593255126704   4.5486417948864855e+36
      39.9075252580639415   4.5479781298684325e+36
      43.8992777838703390   4.5472683777119093e+36
      48.2902055622573769   4.5465088135456746e+36
      53.1202261184831173   4.5456953670830346e+36
      58.4332487303314352   4.5448235877183456e+36
      64.2775736033645870   4.5438886060033018e+36
      70.7063309637010491   4.5428850911315263e+36
      77.7779640600711559   4.5418072041014603e+36
      85.5567604660782735   4.5406485460593188e+36
      94.1134365126861070   4.5394021013626274e+36
     103.5257801639547210   4.5380601749613215e+36
     113.8793581803502093   4.5366143234464249e+36
     125.2682939983852464   4.5350552792932757e+36
     137.7961233982237843   4.5333728675955243e+36
     151.5767357380461817   4.5315559146453317e+36
     166.7354093118508160   4.5295921477420343e+36
     183.4099502430359223   4.5274680853028906e+36
     201.7519452673395222   4.5251689166967723e+36
     221.9281397940735019   4.5226783705702706e+36
     244.1219537734808682   4.5199785713268435e+36
     268.5351491508289996   4.5170498820918730e+36
     295.3896640659119157   4.5138707338300810e+36
     324.9296304725031064   4.5104174389708153e+36
     357.4235935197534673   4.5066639890871492e+36
     393.1669528717288244   4.5025818348387739e+36
     432.4846481589017344   4.4981396477897607e+36
     475.7341129747919695   4.4933030632894224e+36
     523.3085242722712565   4.4880344052822952e+36
     575.6403766994984608   4.4822923948624073e+36
     633.2054143694483628   4.4760318517686545e+36
     696.5269558063932891   4.4692034084150667e+36
     766.1806513870326398   4.4617532752325892e+36
     842.7997165257359029   4.4536231035946972e+36
     927.0806881783095150   4.4447498973716132e+36
    1019.7897569961405679   4.4350658663381063e+36
    1121.7697326957547830   4.4244993349277077e+36
    1233.9477059653302149   4.4129771303060770e+36
    1357.3434765618633264   4.4004273850128752e+36
    1493.0788242180497036   4.3867819580383310e+36
    1642.3877066398547413   4.3719763533751308e+36
    1806.6274773038403509   4.3559498690551313e+36
    1987.2912250342244533   4.3386387364395912e+36
    2186.0213475376472161   4.3198617224387373e+36
    2404.6244822914122778   4.2990594250242957e+36
    2645.0879305205535275   4.2760788781375392e+36
    2909.5977235726090839   4.2509891899034519e+36
    3200.5584959298703325   4.2237037435759281e+36
    3520.6153455228577513   4.1941037996825907e+36
    3872.6778800751435483   4.1620682956483257e+36
    4259.9466680826581069   4.1274855380137663e+36
    4685.9423348909240303   4.0902628680691594e+36
    5154.5375683800166371   4.0503349136955100e+36
    5669.9923252180187774   4.0076679196456082e+36
    6236.9925577398207679   3.9622553993990763e+36
    6860.6928135138032303   3.9141004581055162e+36
    7546.7630948651840299   3.8631870150329196e+36
    8301.4404043517024547   3.8094609004552426e+36
    9131.5854447868732677   3.7528600572831365e+36
   10044.7449892655622534   3.6934148209912334e+36
   11021.0671045952440181   3.6312472099261301e+36
   11997.2813728263918165   3.5679251794580500e+36
   12973.7625151850807015   3.5051865148041395e+36
   13950.2372898683970561   3.4436295894754078e+36
   14927.4257023432801361   3.3834563961870374e+36
   15904.4385361870481574   3.3247836252236064e+36
   16882.0087097029827419   3.2676120924755665e+36
   17859.8258367472772079   3.2119482965307617e+36
   18838.0439348738800618   3.1577670075487126e+36
   19816.6612602987261198   3.1050399370392027e+36
   20795.3670830167720851   3.0537430284144226e+36
   21774.0795366940219537   3.0038419744193114e+36
   22752.4451212036256038   2.9553087035008964e+36
   23731.0520073336410860   2.9080881756370118e+36
   24709.5657270412593789   2.8621523045660462e+36
   25688.6715028288817848   2.8174474935243501e+36
   26667.5963107044444769   2.7739589206056442e+36
   27647.1948750776537054   2.7316338982510377e+36
   28626.9063426745378820   2.6904554138016249e+36
   29607.0638449667021632   2.6503881792353517e+36
   30587.4235560562774481   2.6114116834019868e+36
   31567.6121534067315224   2.5735091039619026e+36
   32547.5461030803926405   2.5366596215223622e+36
   33527.5204644558616565   2.5008382296324044e+36
   34507.6595897992592654   2.4660257075782320e+36
   35487.8811671243965975   2.4322085588211848e+36
   36468.7251780589940608   2.3993668954299321e+36
   37449.4942668350122403   2.3675001166550206e+36
   38430.7859336442925269   2.3365928378902661e+36
   39412.1761476143947220   2.3066445587350205e+36
   40394.0470710995141417   2.2776483371047440e+36
   41376.1910517177602742   2.2496055761450567e+36
   42358.6524183783330955   2.2225178314827965e+36
   43341.3277784172751126   2.1963901782497237e+36
   44324.0420371080690529   2.1712305752974737e+36
   45306.5533723414628184   2.1470495228809740e+36
   46289.0448491725401254   2.1238587475030298e+36
   47271.6748186934128171   2.1016746351867573e+36
   48254.3779977760714246   2.0805178563569170e+36
   49237.4723908533196663   2.0604145880803116e+36
   50220.5325011995009845   2.0413942668897533e+36
   51203.9675957137224032   2.0234947407866106e+36
   52187.4464888228976633   2.0067564981618054e+36
   53171.2232232605456375   1.9912313680755997e+36
   54154.8655973018903751   1.9769723087467645e+36
   55138.6409555229474790   1.9640491559350756e+36
   56122.3272813862568000   1.9525360111439310e+36
   57106.2531716426019557   1.9425291244586427e+36
   58090.3096147630421910   1.9341323926933753e+36
   59074.6302396088067326   1.9274727510364060e+36
   60059.2499926246819086   1.9226964458354173e+36
   61043.8887063610891346   1.9199638173334461e+36
   62028.4804674052793416   1.9194688511472738e+36
   63013.2452746517737978   1.9214521977301667e+36
   63998.2018344531461480   1.9261908086105363e+36
   64982.9492842596228002   1.9339897002734092e+36
   65967.9700399019202450   1.9452641935405733e+36
   66953.1822610074450495   1.9604791908892394e+36
   67938.7240033023263095   1.9802126315439637e+36
   68924.9716207437013509   2.0051922017832108e+36
   69911.2839074039366096   2.0362087572851882e+36
   70897.9652113225602079   2.0743346122791358e+36
   71884.6383507573918905   2.1208159385920800e+36
   72871.1750604218977969   2.1772383367910396e+36
   73857.7312208767398261   2.2456509279113203e+36
   74844.1449975232681027   2.3286054522246053e+36
   75830.7362774592911592   2.4294997222874630e+36
   76817.3096911593311233   2.5526290556147317e+36
   77803.9275319529260742   2.7037212585678427e+36
   78790.5513878581841709   2.8903719729581787e+36
   79777.4542938933445839   3.1229835184068286e+36
   80764.7857260847958969   3.4157553300042174e+36
   81752.1868036471714731   3.7879935178242547e+36
   82739.7865850430971477   4.2671319274034779e+36
   83727.3403960983559955   4.8917300214463156e+36
   84715.0895237970398739   5.7178556167129180e+36
   85702.8790711521287449   6.8264369329937231e+36
   86690.8416002593003213   8.3369700539660492e+36
   87678.8145315156143624   1.0425565463801234e+37
   88667.0134659061441198   1.3356111826997969e+37
   89655.3557826169999316   1.7521758009805731e+37
   90643.7200707398151280   2.3509209254337003e+37
   91632.1458202275680378   3.2193451670329728e+37
   92620.6504173384164460   4.4869046932577892e+37
   93609.2482458980230149   6.3433273100372188e+37
   94597.7564863264997257   9.0624716418022998e+37
   95586.3799544361099834   1.3036594243695265e+38
   96574.9612006500829011   1.8814982712354062e+38
   97563.8098474781581899   2.7161286836251606e+38
   98552.5863854833150981   3.9107864554052147e+38
   99541.3862935188371921   5.6042509297411410e+38
  100530.0723172151774634   7.9792454380356689e+38
  101518.9228478963486850   1.1275197652808786e+39
  102507.9387052394449711   1.5799857920767295e+39
  103497.1294858839828521   2.1945211327422600e+39
  104486.2605845015204977   3.0202737162570471e+39
  105475.3872099853033433   4.1187170506071436e+39
  106464.8278271812741878   5.5662958780715382e+39
  107454.3227250034979079   7.4557121345453946e+39
  108444.1068898349039955   9.9003340422978147e+39
  109434.1008369990449864   1.3035655961701135e+40
  110424.1749823202262633   1.7022353166384262e+40
  111414.3333463511517039   2.2049864725225386e+40
  112404.6232447473012144   2.8339148502206701e+40
  113395.2984484649059596   3.6146966685937024e+40
  114386.0645009601284983   4.5761719812999938e+40
  115377.2532382135541411   5.7514926718525678e+40
  116368.3455318558117142   7.1765497547207247e+40
  117359.7508181997254724   8.8921433745870613e+40
  118351.4189380964380689   1.0942110442992593e+41
  119343.3426341214653803   1.3373645308897710e+41
  120335.5365104896918638   1.6236900519667071e+41
  121327.8787760062405141   1.9583927526884784e+41
  122320.7480354365543462   2.3470268588220782e+41
  123313.6742700647009769   2.7949226378540254e+41
  124307.0703950681636343   3.3077669063226054e+41
  125300.4736950794613222   3.8907258303942066e+41
  126294.2099468468804844   4.5491565510663943e+41
  127287.8611526751774363   5.2876338578627836e+41
  128281.8233278772386257   6.1108377207699123e+41
  129275.6612843859911663   7.0222782478710394e+41
  130269.7771609037299640   8.0254955463206635e+41
  131263.8166498347709421   9.1226133727410475e+41
  132258.1329442540591117   1.0315618364801391e+42
  133252.4628011375898495   1.1604963705859985e+42
  134247.0473136079963297   1.2990723919745610e+42
  135241.7252190532744862   1.4471515142252677e+42
  136236.5392252994643059   1.6045202209586331e+42
  137231.4566060948418453   1.7708559883751219e+42
  138226.4033332130638883   1.9457326816030974e+42
  139221.3566985831712373   2.1286392923710544e+42
  140216.3992190190183464   2.3189974229323175e+42
  141211.8456709017627873   2.5161941453037972e+42
  142207.2759346141538117   2.7194253447036090e+42
  143203.1809604414738715   2.9279859872378938e+42
  144198.8900849108467810   3.1409222426579890e+42
  145194.6079323808953632   3.3573990321083967e+42
  146189.9805184354772791   3.5764614328225468e+42
  147185.4889591313840356   3.7972968714846682e+42
  148180.8488477465580218   4.0189600826569513e+42
  149176.3480002922296990   4.2406229889937063e+42
  150171.9301126237260178   4.4614206669971036e+42
  151167.7048979763058014   4.6805519792432543e+42
  152164.0579207057890017   4.8973027631753279e+42
  153160.4319730196730234   5.1108502583593797e+42
  154157.2188143673411105   5.3205822044518326e+42
  155153.9071598421141971   5.5258038824692581e+42
  156150.9305886622751132   5.7260295433636867e+42
  157148.0624369015567936   5.9207385362729689e+42
  158145.4546963794855401   6.1095294988068746e+42
  159142.5850708367361221   6.2919791080866927e+42
  160139.9183764651243109   6.4678582254801677e+42
  161137.0478715325007215   6.6368897420272898e+42
  162134.3586140753759537   6.7989512784324900e+42
  163131.7587603609717917   6.9539199578311963e+42
  164129.3385053356178105   7.1017451183515546e+42
  165127.2794220835494343   7.2424294880153879e+42
  166125.2586732698837295   7.3759765282926254e+42
  167123.5472198271600064   7.5024816283497694e+42
  168122.1133189892570954   7.6220478525263254e+42
  169121.1323178471357096   7.7348256168972644e+42
  170119.9571761817787774   7.8409397534426630e+42
  171118.8972089730377775   7.9406028681179713e+42
  172117.5290316014725249   8.0340033492301824e+42
  173116.4360137803305406   8.1214002471721832e+42
  174115.5285390630888287   8.2030284418884357e+42
  175114.9997755229996983   8.2791434115338972e+42
  176115.1725160540663637   8.3500117825912475e+42
  177115.4654103515495081   8.4158728245737205e+42
  178116.2255034081172198   8.4770001800003893e+42
  179116.7663116092444398   8.5336395422701195e+42
  180117.4484373416926246   8.5860664865437108e+42
  181118.0347946816764306   8.6345369249276477e+42
  182119.0568018939520698   8.6793215444325467e+42
  183119.8978988838789519   8.7206621832071377e+42
  184121.3949667674023658   8.7588231050112087e+42
  185122.5651706100034062   8.7940315677587551e+42
  186124.1214541653753258   8.8265338550976773e+42
  187125.6614120113372337   8.8565539661948465e+42
  188127.4360865319613367   8.8843180356860120e+42
  189129.4956944785953965   8.9100420849753473e+42
  190131.7902688827016391   8.9339336597510964e+42
  191134.2676492219325155   8.9561930323549153e+42
  192136.6120512261404656   8.9770101641413876e+42
  193139.3859178409038577   8.9965776561805889e+42
  194142.1250375746167265   9.0150694610527769e+42
  195145.0648596852552146   9.0326603697410709e+42
  196147.8167875678045675   9.0495108942800558e+42
  197151.6107444768131245   9.0657952931443614e+42
  198155.5978801971941721   9.0816559154378544e+42
  199160.0944689472089522   9.0972435915381740e+42
  200164.9135706517263316   9.1126963709476300e+42
  201169.9632077788992319   9.1281473928189511e+42
  202175.2419991860806476   9.1437253572370587e+42
  203180.6031706096255220   9.1595507025558394e+42
  204186.0349113660340663   9.1757405294067508e+42
  205191.3097691605216824   9.1924020057228645e+42
  206196.7455327003262937   9.2096484139075781e+42
  207202.1903476731094997   9.2275782953011577e+42
  208207.7429493076051585   9.2462908914263167e+42
  209213.4280456597043667   9.2658791307729585e+42
  210219.7315069560427219   9.2864445725935432e+42
  211225.8399265244952403   9.3080474232914217e+42
  212232.6073776383127552   9.3307917209274872e+42
  213239.0267324100132100   9.3547191976710863e+42
  214245.2467331005900633   9.3799015309386201e+42
  215251.5130697989370674   9.4064100500096479e+42
  216258.4913409540895373   9.4343290012451754e+42
  217266.3331120053189807   9.4637209465951919e+42
  218274.3540914860786870   9.4946088952100862e+42
  219283.1547912431706209   9.5270628873784062e+42
  220292.0399136394844390   9.5610919507882684e+42
  221301.3665711993817240   9.5967451856022231e+42
  222310.4306974871433340   9.6340159421968963e+42
  223319.8290085493354127   9.6729535111994721e+42
  224328.9320084226492327   9.7135403236814596e+42
  225338.5606740004732274   9.7558271926568375e+42
  226347.9779366670118179   9.7997765551193457e+42
  227358.1413928736292291   9.8454366853671324e+42
  228368.1051071913971100   9.8927428637110663e+42
  229378.3433984938601498   9.9417034153543866e+42
  230388.6279996184748597   9.9922789445849296e+42
  231399.2073662225157022   1.0044451353097234e+43
  232409.9150447828869801   1.0098169959453003e+43
  233420.9449651286122389   1.0153399086381353e+43
  234432.5048648769443389   1.0210097058636416e+43
  235444.2869078060030006   1.0268181361804373e+43
  236457.0722382811363786   1.0327633357426951e+43
  237470.3610795797139872   1.0388342871342175e+43
  238484.0442773342365399   1.0450217721541441e+43
  239498.4231729528401047   1.0513186166619418e+43
  240512.2185342227166984   1.0577063019587949e+43
  241526.8733704266487621   1.0641840511586754e+43
  242541.4550158338679466   1.0707344290230311e+43
  243556.4719364926859271   1.0773491863878001e+43
  244571.4192737255943939   1.0840127423724228e+43
  245586.8234353254083544   1.0907159777479810e+43
  246602.1750877927115653   1.0974424779602942e+43
  247617.3510394002951216   1.1041781349778672e+43
  248632.8872879597474821   1.1109128228451021e+43
  249648.9255504612810910   1.1176335443028668e+43
  250664.8771676754986402   1.1243226154626510e+43
  251681.1116008286480792   1.1309682955610754e+43
  252697.8627196156594437   1.1375578532810024e+43
  253714.5267850423697382   1.1440737179349522e+43
  254731.7102524742658716   1.1505054510931707e+43
  255748.9607301239448134   1.1568367648499171e+43
  256766.2886496569844894   1.1630542661645468e+43
  257783.9555747275589965   1.1691460539604985e+43
  258802.5576697613578290   1.1751018881874335e+43
  259821.0935404085612390   1.1809042448142707e+43
  260840.1279207398474682   1.1865433817156750e+43
  261859.5928153294662479   1.1920069137423279e+43
  262879.2416126109892502   1.1972822097645633e+43
  263899.3268869155435823   1.2023589406758055e+43
  264919.5137478985707276   1.2072250080345967e+43
  265940.1691561016486958   1.2118709820608960e+43
  266960.8868352288845927   1.2162853233158089e+43
  267982.1060642190277576   1.2204590847928253e+43
  269003.3544133232207969   1.2243812058001098e+43
  270025.1088174616452307   1.2280428430871254e+43
  271046.8492102827876806   1.2314333120959686e+43
  272069.1595906420261599   1.2345436149260274e+43
  273091.2027137239347212   1.2373630168826493e+43
  274113.4786626309505664   1.2398820473045630e+43
  275135.9195580350933596   1.2420904011026016e+43
  276158.6390079537522979   1.2439774719336283e+43
  277181.9144762883079238   1.2455319681850745e+43
  278205.2456024502171203   1.2467427593132722e+43
  279229.6507364953868091   1.2475963570329731e+43
  280254.0658527246559970   1.2480816924794957e+43
  281278.9307547371718101   1.2481848576563087e+43
  282304.2026542947278358   1.2478921879776957e+43
  283329.5006005674367771   1.2471907909378200e+43
  284355.2172923224861734   1.2460647003171436e+43
  285345.3488032715977170   1.2446656405847561e+43
  286239.0923752367380075   1.2433124407380076e+43
  287059.7323884345241822   1.2419631071448394e+43
  287825.3690142532577738   1.2405812578976389e+43
  288549.7401525882305577   1.2391366937260226e+43
  289243.1630321309785359   1.2376044929378419e+43
  289913.4644811163889244   1.2359633096352305e+43
  290566.4680252460530028   1.2341952417216856e+43
  291206.5357246019411832   1.2322848820647229e+43
  291837.0506262193666771   1.2302180505042568e+43
  292460.5479983486002311   1.2279821967512146e+43
  293078.9518527606269345   1.2255659093930972e+43
  293693.8202319919364527   1.2229579365113401e+43
  294306.3283316491288133   1.2201478904465360e+43
  294917.4290296300314367   1.2171255140833196e+43
  295527.9121805118629709   1.2138805124868847e+43
  296138.3931512459530495   1.2104029591369996e+43
  296749.3656686850008555   1.2066831083136430e+43
  297361.2201437221956439   1.2027114803656354e+43
  297974.3146622053463943   1.1984782910045222e+43
  298588.8596945301396772   1.1939749226244500e+43
  299205.0130144422291778   1.1891931857424407e+43
  299822.9034752953448333   1.1841251955388665e+43
  300442.5799611861002631   1.1787642234613588e+43
  301064.0612456183298491   1.1731043287999396e+43
  301687.3532791748293675   1.1671403578156186e+43
  302312.5063349991687573   1.1608672008024606e+43
  302939.4377462891861796   1.1542826197228015e+43
  303568.0920720065478235   1.1473852298497959e+43
  304198.4775783454533666   1.1401739462375860e+43
  304830.5547499497188255   1.1326499262635493e+43
  305464.2769314793986268   1.1248161363762568e+43
  306099.5943708577542566   1.1166774918194552e+43
  306736.5517055234522559   1.1082390563647496e+43
  307375.1193545156856999   1.0995091654774277e+43
  308015.2914715337683447   1.0904977887604859e+43
  308657.1655266677844338   1.0812146979404942e+43
  309300.7548328848206438   1.0716730521617073e+43
  309946.1140039398451336   1.0618868490894428e+43
  310593.3409086057799868   1.0518706527344608e+43
  311242.5802806281717494   1.0416390947580369e+43
  311893.9273541311267763   1.0312086456198007e+43
  312547.5037282386911102   1.0205959512136516e+43
  313203.5364245069795288   1.0098155816520807e+43
  313862.1461667741532438   9.9888433992992212e+42
  314523.4909322934690863   9.8781821860126938e+42
  315187.8260414545075037   9.7663060353805485e+42
  315855.2923526969971135   9.6533672061589635e+42
  316526.0635719519923441   9.5395053073974393e+42
  317200.3621588260284625   9.4248423862459360e+42
  317878.4019422667915933   9.3094935030658904e+42
  318560.3518936156178825   9.1935748017873693e+42
  319246.3943985669757240   9.0771933918725899e+42
  319936.8104870933457278   8.9604266424808527e+42
  320631.7554642817121930   8.8433696578129789e+42
  321331.4081905718194321   8.7261078614178721e+42
  322036.0648028469877318   8.6086945964143800e+42
  322745.8704874574905261   8.4912066977397088e+42
  323461.0049007865600288   8.3737110841723905e+42
  324181.7792716915719211   8.2562418258150555e+42
  324908.3333153540152125   8.1388610901691730e+42
  325640.8456482787150890   8.0216221078958878e+42
  326379.6369391086627729   7.9045453987459644e+42
  327124.8327527919900604   7.7876839365299406e+42
  327876.5911650126799941   7.6710841972872678e+42
  328635.2278497284860350   7.5547591410161886e+42
  329400.8661512584076263   7.4387537514638036e+42
  330173.6794606888433918   7.3231047208138536e+42
  330953.9824414550093934   7.2078199681901143e+42
  331741.8983657783828676   7.0929399974758239e+42
  332537.6542978877550922   6.9784861042490035e+42
  333341.4673552202875726   6.8644791424513772e+42
  334153.4871469506761059   6.7509536516758750e+42
  334974.0870560159673914   6.6379037823546639e+42
  335803.3588609077269211   6.5253683360189996e+42
  336641.4951159883639775   6.4133733156650800e+42
  337488.8886692762607709   6.3019106977504281e+42
  338345.6610408521373756   6.1910158988831065e+42
  339212.1567822447395884   6.0806894605020285e+42
  340088.5756283010123298   5.9709528653522046e+42
  340975.0993943185894750   5.8618336646078616e+42
  341872.1371952407644130   5.7533237237242110e+42
  342779.8348558600409888   5.6454564348018226e+42
  343698.6531770080910064   5.5382191724163814e+42
  344628.7412920438218862   5.4316421569453174e+42
  345570.3270210475311615   5.3257485347520848e+42
  346523.8659624650026672   5.2205297629795181e+42
  347489.5600219363695942   5.1160148580975512e+42
  348467.9240547767840326   5.0121904460058859e+42
  349459.1371101159020327   4.9090905924692734e+42
  350463.7537702709669247   4.8067007236240326e+42
  351481.9890460281749256   4.7050524974830799e+42
  352513.7842535275267437   4.6041937788598280e+42
  353545.7114784618024714   4.5054429166779578e+42
  354577.5764545162091963   4.4087751405782640e+42
  355609.5887439497746527   4.3141321215741044e+42
  356641.5288185912650079   4.2214946304782919e+42
  357673.6040449628490023   4.1308033952868885e+42
  358705.5994105147547089   4.0420409265614628e+42
  359737.7581789228715934   3.9551455404048045e+42
  360769.8259257230674848   3.8701048347658553e+42
  361802.0424265620531514   3.7868584803439186e+42
  362834.1770744689274579   3.7053924677714325e+42
  363866.4388358653523028   3.6256508705131717e+42
  364898.6481304321787320   3.5476162788115480e+42
  365930.9595484622404911   3.4712386793422516e+42
  366963.2429185247747228   3.3964975615824052e+42
  367995.6078400518163107   3.3233501486048817e+42
  369027.9102460959111340   3.2517815346473561e+42
  370060.1838761611143127   3.1817539675530178e+42
  371092.4522892999229953   3.1132378195505403e+42
  372124.7591040300903842   3.0461946242513196e+42
  373157.1081070607178845   2.9806068117410387e+42
  374187.7895483264001086   2.9165562241694036e+42
  375218.2728885138640180   2.8539171615372686e+42
  376249.7631477532559074   2.7926044747852441e+42
  377281.4768209087196738   2.7327241873558493e+42
  378311.6988927067723125   2.6743271846997444e+42
  379342.8104980692151003   2.6172688850767593e+42
  380373.8808096026186831   2.5615899802090262e+42
  381405.2425717644509859   2.5072492974715571e+42
  382436.5233877798891626   2.4542001089858983e+42
  383468.0851425203145482   2.4024268217654117e+42
  384499.6827824739157222   2.3518734297275835e+42
  385531.4331810784642585   2.3024843360616028e+42
  386563.3280469071469270   2.2542113341114056e+42
  387595.3810378866619430   2.2070149795443100e+42
  388627.2728477463242598   2.1608870417259226e+42
  389658.1460637981072068   2.1158292275061482e+42
  390689.3721695154090412   2.0717510425323302e+42
  391720.9002777293208055   2.0286286653144986e+42
  392752.9327093387255445   1.9864326312601995e+42
  393784.9918108076089993   1.9451617952056678e+42
  394817.6403056632261723   1.9047795745583287e+42
  395849.9490954321227036   1.8653040459695983e+42
  396881.8596974558895454   1.8267185821141172e+42
  397914.4437386712525040   1.7889661311711457e+42
  398947.4375046312925406   1.7520394980787766e+42
  399980.6664628998842090   1.7159270067731084e+42
  401014.0600311639136635   1.6806137417243444e+42
  402047.6639237437047996   1.6460803468348805e+42
  403081.3384946701698937   1.6123140325679798e+42
  404115.2094567720778286   1.5792937356149800e+42
  405148.9597050417214632   1.5470121796977908e+42
  406183.0234498259960674   1.5154392302277993e+42
  407216.9333571339375339   1.4845718801488702e+42
  408251.2811088999733329   1.4543767311582916e+42
  409285.5237580530811101   1.4248529916197862e+42
  410320.0854582524043508   1.3959731981547921e+42
  411354.5532974375528283   1.3677329155571918e+42
  412389.2773506200755946   1.3401077857295173e+42
  413423.9145402807625942   1.3130917245260120e+42
  414458.7737400695332326   1.2866625053699123e+42
  415493.5508098653517663   1.2608133862247072e+42
  416528.5275772583554499   1.2355238354647149e+42
  417563.4255736394552514   1.2107868796933032e+42
  418598.5063580868300050   1.1865834439441880e+42
  419633.5096319695003331   1.1629065503839575e+42
  420668.6850535040139221   1.1397383173851533e+42
  421703.7804857752635144   1.1170720014755271e+42
  422739.0569889664184302   1.0948903697071798e+42
  423774.2468918851227500   1.0731874102729980e+42
  424809.6167526427307166   1.0519466241335452e+42
  425844.8937259156373329   1.0311624700892463e+42
  426880.3547010246547870   1.0108190430475372e+42
  427915.7161264021415263   9.9091137287842919e+41
  428951.2655928988824598   9.7142411217285198e+41
  429986.7094657097477466   9.5235280566875822e+41
  431022.3460015016025864   9.3368264826935077e+41
  432057.8587062822771259   9.1540990146703939e+41
  433093.5600372114568017   8.9752020840767682e+41
  434129.1316216771374457   8.8001009226431270e+41
  435164.8891050005331635   8.6286579842978916e+41
  436200.5345774305169471   8.4608373055798111e+41
  437236.3484428389347158   8.2965129484717557e+41
  438272.0762421893887222   8.1356441559273283e+41
  439307.9516731132753193   7.9781174170258298e+41
  440343.7646923841675743   7.8238873199900596e+41
  441379.7044785650796257   7.6728515532573388e+41
  442415.6025351528660394   7.5249608932118382e+41
  443451.6088144480600022   7.3801228700670209e+41
  444487.5888565792120062   7.2382860615296696e+41
  445523.6608839295222424   7.0993665122626812e+41
  446559.7193343111430295   6.9633118563586335e+41
  447595.8529790592729114   6.8300460779671090e+41
  448631.9836102227563970   6.6995163366804919e+41
  449668.1745702115586028   6.5716535297658312e+41
  450704.3735702781705186   6.4464045069374297e+41
  451740.6239108282024972   6.3237058698751288e+41
  452776.8903025108738802   6.2035050779539628e+41
  453813.1995922318310477   6.0857436436888155e+41
  454849.5326162037090398   5.9703696853319438e+41
  455885.9003686856012791   5.8573292481018962e+41
  456922.2993226472754031   5.7465712075910188e+41
  457958.7252398403361440   5.6380457875266005e+41
  458995.1889617086853832   5.5317028062687677e+41
  460031.6719335773959756   5.4274962756787231e+41
  461068.2016817093826830   5.3253767493361219e+41
  462104.7427222719998099   5.2253020530875824e+41
  463141.3391341055976227   5.1272234968215850e+41
  464177.9390682189259678   5.0311024293257616e+41
  465214.6017310698516667   4.9368910517667300e+41
  466251.2604404662852176   4.8445538813336765e+41
  467287.9883422395796515   4.7540441121063043e+41
  468324.7050061722402461   4.6653291414677165e+41
  469361.4966957932338119   4.5783632143871032e+41
  470398.2702766794245690   4.4931163481868435e+41
  471435.1246654727729037   4.4095438655912983e+41
  472471.9542729611857794   4.3276182234215985e+41
  473508.8706233626580797   4.2472958012828344e+41
  474545.7555951151298359   4.1685513603708418e+41
  475582.7334697610931471   4.0913423050344633e+41
  476619.6733572466764599   4.0156455757316676e+41
  477656.7126472922973335   3.9414195576486485e+41
  478693.7072828819509596   3.8686432492958495e+41
  479730.8078997018747032   3.7972760036706872e+41
  480767.8571304865181446   3.7272987498595561e+41
  481805.0193306467263028   3.6586717575525865e+41
  482842.1233165852027014   3.5913777970542270e+41
  483879.3475411158869974   3.5253780072681759e+41
  484916.5066088032908738   3.4606569170379559e+41
  485953.7938454805407673   3.3971764570838836e+41
  486991.0087840068736114   3.3349228569934229e+41
  488028.3601313308463432   3.2738587994309273e+41
  489065.6318363037426025   3.2139721350851729e+41
  490103.0484021448646672   3.1552262702927811e+41
  491140.3781006355420686   3.0976105822129902e+41
  492177.8615561944316141   3.0410891819023928e+41
  493215.2512293707695790   2.9856528903651487e+41
  494252.8036460041184910   2.9312665300584760e+41
  495290.2554045511642471   2.8779222691928915e+41
  496327.8881996311829425   2.8255851885614244e+41
  497365.4111542437458411   2.7742492907560991e+41
  498403.1051680058008060   2.7238811484437732e+41
  499440.6994386933511123   2.6744742009556381e+41
  500478.4387218918418512   2.6259980908175054e+41
  501516.1001897602691315   2.5784444599512387e+41
  502553.8844461100525223   2.5317862100873712e+41
  503591.6099596972344443   2.4860136190079193e+41
  504629.4381107341614552   2.4411024270159383e+41
  505667.2237780899158679   2.3970418635968338e+41
  506705.0943817648803815   2.3538101059181063e+41
  507742.9366261527757160   2.3113956125989628e+41
  508780.8482123786234297   2.2697786737600831e+41
  509818.7442693361663260   2.2289471780898926e+41
  510856.6989574431208894   2.1888831648861027e+41
  511894.6475981225376017   2.1495743141959057e+41
  512932.6454617921845056   2.1110041322059236e+41
  513970.6457863945397548   2.0731601989183538e+41
  515008.6865738626220264   2.0360273388956981e+41
  516046.7379853594466113   1.9995930855286103e+41
  517084.8215312721440569   1.9638434731947607e+41
  518122.9238085274118930   1.9287660195917390e+41
  519161.0500965094543062   1.8943478845517008e+41
  520199.2033050985191949   1.8605765866562039e+41
  521237.3724593929364346   1.8274403405747629e+41
  522275.5770310669904575   1.7949266694153518e+41
  523313.7893342523020692   1.7630247891557595e+41
  524352.0458580482518300   1.7317222248719898e+41
  525390.3017547318013385   1.7010091422615862e+41
  526428.6108452440239489   1.6708730708049560e+41
  527466.9108883535955101   1.6413050702593851e+41
  528505.2731861351057887   1.6122926815482060e+41
  529543.6180129433050752   1.5838278015059934e+41
  530582.0341700711287558   1.5558979940644209e+41
  531620.4244446633383632   1.5284959365040455e+41
  532658.8957147039473057   1.5016092119431976e+41
  533697.3329452070174739   1.4752312344671668e+41
  534735.8608031455660239   1.4493496243171534e+41
  535774.3466781009919941   1.4239584764081828e+41
  536812.9327064770041034   1.3990454669873126e+41
  537851.4688161218073219   1.3746053206727149e+41
  538890.1212922375416383   1.3506256312082747e+41
  539928.7142513907747343   1.3271018988248021e+41
  540967.4397925094235688   1.3040216174957884e+41
  542006.0956971056293696   1.2813810174593416e+41
  543044.8935539278900251   1.2591676446246560e+41
  544083.6133282702649012   1.2373782253463828e+41
  545122.4804829884087667   1.2160004819512181e+41
  546161.2634763933019713   1.1950314733482154e+41
  547200.1965213040821254   1.1744592004347590e+41
  548239.0406687858048826   1.1542809508251219e+41
  549278.0366422471124679   1.1344850410078472e+41
  550316.9396348271984607   1.1150689418654171e+41
  551355.9898264108924195   1.0960214015490414e+41
  552394.9492026625666767   1.0773398372128780e+41
  553434.0365979808848351   1.0590137678904992e+41
  554473.0494860957842320   1.0410400747183300e+41
  555512.1733602343592793   1.0234092110867492e+41
  556551.2372252529021353   1.0061176311731707e+41
  557590.3967702516820282   9.8915660766002913e+40
  558629.5096293401438743   9.7252225063818488e+40
  559668.7040688346605748   9.5620656519207888e+40
  560707.8646281344117597   9.4020537519329431e+40
  561747.0952831908361986   9.2451132836259655e+40
  562786.3029461872065440   9.0912005674836345e+40
  563825.5712311627576128   8.9402475659181225e+40
  564864.8258929265430197   8.7922093937492308e+40
  565904.1319250025553629   8.6470229405314314e+40
  566943.4335392899811268   8.5046423389844130e+40
  567982.7774249319918454   8.3650090885522255e+40
  569022.1260334677062929   8.2280765287877356e+40
  570061.5079644138459116   8.0937904870286900e+40
  571100.9037109018536285   7.9621036876902472e+40
  572140.3239842632319778   7.8329660241494560e+40
  573179.7670403068186715   7.7063297832681233e+40
  574219.2260203763144091   7.5821486674741351e+40
  575258.7170331426896155   7.4603746525287466e+40
  576298.2152963437838480   7.3409650849080074e+40
  577337.7550318499561399   7.2238717312473071e+40
  578377.2933261250145733   7.1090554083330682e+40
  579416.8826661338098347   6.9964677827488139e+40
  580456.4618619421962649   6.8860729692282777e+40
  581496.1015990844462067   6.7778226588916604e+40
  582535.7232223247410730   6.6716840083239597e+40
  583575.4194218259071931   6.5676084950535852e+40
  584615.0901016022544354   6.4655665389006235e+40
  585654.8487842859467492   6.3655096406988042e+40
  586694.5730903786607087   6.2674113639911890e+40
  587734.3931568741099909   6.1712236942567654e+40
  588774.1713483822531998   6.0769225391028281e+40
  589814.0494967456907034   5.9844608483792262e+40
  590853.8797035641036928   5.8938163312893214e+40
  591893.8119508607778698   5.8049432167871644e+40
  592933.6912572566652671   5.7178206754404390e+40
  593973.6759741504210979   5.6324042057547488e+40
  595013.6034677332499996   5.5486744231739685e+40
  596053.6416190908057615   5.4665880146316175e+40
  597093.6182580479653552   5.3861271127878798e+40
  598133.7130958444904536   5.3072494378925208e+40
  599173.7414332841290161   5.2299387700586860e+40
  600213.8956251230556518   5.1541538188762189e+40
  601253.9779132725670934   5.0798799504847062e+40
  602294.1868149128276855   5.0070772804515448e+40
  603334.3199495337903500   4.9357321216266838e+40
  604374.5810611456399783   4.8658060319379925e+40
  605414.7630641526775435   4.7972862324703896e+40
  606455.0627089820336550   4.7301363911794553e+40
  607495.2921158432727680   4.6643432132815293e+40
  608535.6237449881155044   4.5998733693222001e+40
  609575.8992124862270430   4.5367125590720219e+40
  610616.2625070866197348   4.4748305097751838e+40
  611656.5828734176466241   4.4142121367235180e+40
  612696.9793378325412050   4.3548298504144202e+40
  613737.3438261817209423   4.2966681356348962e+40
  614777.7750830588629469   4.2397016850997702e+40
  615818.1833358177682385   4.1839148379394696e+40
  616858.6494968287879601   4.1292843083486467e+40
  617899.1012444035150111   4.0757943778747480e+40
  618939.6023823767900467   4.0234236220187407e+40
  619980.0975084113888443   3.9721563286771925e+40
  621020.6337425342062488   3.9219727960922640e+40
  622061.1721530356444418   3.8728573709658726e+40
  623101.7436261834809557   3.8247919406747640e+40
  624142.3255286626517773   3.7777609456161621e+40
  625182.9326013108948246   3.7317477483198412e+40
  626223.5582704669795930   3.6867369143990658e+40
  627264.2014148875605315   3.6427131628855213e+40
  628304.8712257972219959   3.5996612124649867e+40
  629345.5510276425629854   3.5575670222884564e+40
  630386.2655646183993667   3.5164154827600569e+40
  631426.9838069537654519   3.4761936513355890e+40
  632467.7511762980138883   3.4368864406210457e+40
  633508.5154429001267999   3.3984821261504433e+40
  634549.3361133101861924   3.3609658503311285e+40
  635590.1469029027502984   3.3243267650980655e+40
  636631.0175678674131632   3.2885503373335591e+40
  637671.8729831463424489   3.2536263482880662e+40
  638712.7897692359983921   3.2195406512851103e+40
  639753.6870016893371940   3.1862834911964685e+40
  640794.6484251414658502   3.1538410582964875e+40
  641835.5861415222752839   3.1222040124289736e+40
  642876.5932240022812039   3.0913587796973537e+40
  643917.5719293553847820   3.0612964162359661e+40
  644958.6269167436985299   3.0320034832013806e+40
  645999.6485768632264808   3.0034713783114182e+40
  647040.7550050752470270   2.9756867075334397e+40
  648081.8227879786863923   2.9486411407176969e+40
  649122.9848508813884109   2.9223212461935743e+40
  650164.1025698775192723   2.8967188738455256e+40
  651205.3218795958673581   2.8718205256077087e+40
  652246.4908456789562479   2.8476180687683275e+40
  653287.7626451444812119   2.8240979604691398e+40
  654328.9801309603499249   2.8012518229075319e+40
  655370.3012960667256266   2.7790660151495620e+40
  656411.5649621003540233   2.7575317882124010e+40
  657452.9328411174938083   2.7366353149701566e+40
  658494.2405362704303116   2.7163673560394963e+40
  659535.6527174985967577   2.6967137980452538e+40
  660577.0023646085755900   2.6776647969437989e+40
  661618.4523979598889127   2.6592058977789348e+40
  662659.8420487212715670   2.6413264390081476e+40
  663701.3184326298069209   2.6240116693016515e+40
  664742.7464165170677006   2.6072498054952665e+40
  665784.2515456993132830   2.5910257334894700e+40
  666825.7166066101053730   2.5753265899998231e+40
  667867.2487489531049505   2.5601367300967426e+40
  668908.7480929088778794   2.5454421716305034e+40
  669950.3033827744657174   2.5312266307458913e+40
  670991.8338274876587093   2.5174749614466098e+40
  672033.4091881152708083   2.5041701659149431e+40
  673074.9686962849227712   2.4912959221189981e+40
  674116.5631128845270723   2.4788344709256410e+40
  675158.1510812734486535   2.4667683435843475e+40
  676199.7646684967912734   2.4550790088683604e+40
  677241.3812807751819491   2.4437479130120184e+40
  678283.0147381752030924   2.4327557867234735e+40
  679324.6609194128541276   2.4220830880119630e+40
  680366.3155925887404010   2.4117098962811886e+40
  681407.9955822135088965   2.4016158008106234e+40
  682449.6760283419862390   2.3917803897063043e+40
  683491.3977575250901282   2.3821825441505956e+40
  684533.1120945856673643   2.3728015780552002e+40
  685574.8761241916799918   2.3636159438276783e+40
  686616.6252449804451317   2.3546048745381014e+40
  687658.4284086471889168   2.3457466907678276e+40
  688700.2106494166655466   2.3370208020750124e+40
  689742.0510488185100257   2.3284057113918961e+40
  690783.8652125736698508   2.3198813297150072e+40
  691825.7424652404151857   2.3114266695881260e+40
  692867.5883195138303563   2.3030225027798863e+40
  693909.5035915098851547   2.2946486831269012e+40
  694951.3819353757426143   2.2862872194036892e+40
  695993.3371246855240315   2.2779191336550375e+40
  697035.2496270025148988   2.2695280376488169e+40
  698077.2473162575624883   2.2610964310216423e+40
  699119.1963440887629986   2.2526098685006108e+40
  700161.2400192872155458   2.2440525987302444e+40
  701203.2289335281820968   2.2354124190986104e+40
  702245.3226613431470469   2.2266755516831412e+40
  703287.3551866022171453   2.2178322789828601e+40
  704329.4991665149573237   2.2088709962787803e+40
  705371.5763891388196498   2.1997845957261598e+40
  706413.7665981790050864   2.1905638066896979e+40
  707455.8861054324079305   2.1812041515570369e+40
  708498.1198212959570810   2.1716987457357575e+40
  709540.2797293624607846   2.1620457318675376e+40
  710582.5489154255483299   2.1522406471382179e+40
  711624.7476423531770706   2.1422840464070055e+40
  712667.0403522258857265   2.1321739695760009e+40
  713709.2764662270201370   2.1219130039565724e+40
  714751.5923821785254404   2.1115016445207308e+40
  715793.8643427831120789   2.1009443183807345e+40
  716836.2027483260026202   2.0902437588015031e+40
  717878.5086577492766082   2.0794059990634811e+40
  718920.8709950568154454   2.0684357253155622e+40
  719963.2090973546728492   2.0573403734954581e+40
  721005.5936267937067896   2.0461262868248447e+40
  722047.9621355641866103   2.0348020160675560e+40
  723090.3668695244705305   2.0233752940677675e+40
  724132.7638501208275557   2.0118554966734845e+40
  725175.1871261220658198   2.0002514764773338e+40
  726217.6110259026754647   1.9885731627327312e+40
  727260.0515501825138927   1.9768302706672106e+40
  728302.5008640156593174   1.9650330369271935e+40
  729344.9570275899022818   1.9531918021738414e+40
  730387.4303175827953964   1.9413168834478785e+40
  731429.9010327772703022   1.9294190333898692e+40
  732472.3975720321759582   1.9175084575456686e+40
  733514.8828452759189531   1.9055961323977937e+40
  734557.4110340243205428   1.8936919040927523e+40
  735599.9199145818129182   1.8818069103690679e+40
  736642.4841120163910091   1.8699505778906970e+40
  737685.0206424238858745   1.8581340242232163e+40
  738727.6194072754587978   1.8463662224289244e+40
  739770.1842750477371737   1.8346580800827410e+40
  740812.8158186146756634   1.8230181018236430e+40
  741855.4086463300045580   1.8114568665189999e+40
  742898.0733252436621115   1.7999823745828075e+40
  743940.6949515083106235   1.7886048270541675e+40
  744983.3932743957266212   1.7773317060584268e+40
  746026.0445245371665806   1.7661727941240685e+40
  747068.7771012953016907   1.7551350550817525e+40
  748111.4585560971172526   1.7442278324665926e+40
  749154.2260245149955153   1.7334575794894499e+40
  750196.9385243973229080   1.7228331929017272e+40
  751239.7423138025915250   1.7123606316947424e+40
  752282.4872256815433502   1.7020483546267909e+40
  753325.3295946490252391   1.6919018467757773e+40
  754368.1089236587285995   1.6819291476351134e+40
  755410.9926385306753218   1.6721352952889944e+40
  756453.8090376696782187   1.6625279290753604e+40
  757496.7376498356461525   1.6531116722954726e+40
  758539.5945831004064530   1.6438937850069983e+40
  759582.5718259715940803   1.6348785159705072e+40
  760625.4728013554122299   1.6260727619688397e+40
  761668.4978210011031479   1.6174804674363395e+40
  762711.4429670816753060   1.6091081401417233e+40
  763754.5045431677717716   1.6009595322816083e+40
  764797.4915668102912605   1.5930406527493752e+40
  765840.5783148359041661   1.5853551871981558e+40
  766883.6053871311014518   1.5779085762476141e+40
  767926.7173951028380543   1.5707044802056849e+40
  768969.7829035866307095   1.5637478402952101e+40
  770012.9198644516291097   1.5570422599693247e+40
  771056.0221019762102515   1.5505922354775107e+40
  772099.1830378652084619   1.5444012839353596e+40
  773142.3198669216362759   1.5384734978866291e+40
  774185.5050588069716468   1.5328122707858714e+40
  775228.6743598807370290   1.5274213328296623e+40
  776271.8829521401785314   1.5223039138696237e+40
  777315.0829582223668694   1.5174634006860973e+40
  778358.3131489549996331   1.5129028243855741e+40
  779401.5417776799295098   1.5086252313485076e+40
  780444.7917239743983373   1.5046334126280248e+40
  781488.0471983142197132   1.5009300684066001e+40
  782531.3154894867911935   1.4975177006576052e+40
  783574.5965956852305681   1.4943986483596177e+40
  784617.8825984577415511   1.4915750667519271e+40
  785661.1888138534268364   1.4890489090673014e+40
  786704.4927029741229489   1.4868219176302221e+40
  787747.8240981040289626   1.4848956249650068e+40
  788791.1466602680739015   1.4832712864835866e+40
  789834.5063442343380302   1.4819499715856025e+40
  790877.8517363423015922   1.4809323663475851e+40
  791921.2448953241109848   1.4802190258987689e+40
  792964.6180513959843665   1.4798099742253390e+40
  794008.0462608321104199   1.4797051849312228e+40
  795051.4490404522512108   1.4799039299255181e+40
  796094.9101340586785227   1.4804055197917615e+40
  797138.3417804335476831   1.4812083927788641e+40
  798181.8351000202819705   1.4823111158008400e+40
  799225.2955314657883719   1.4837112042542700e+40
  800268.8208250893512741   1.4854063999454182e+40
  801312.3101506171515211   1.4873932099871197e+40
  802355.8672455431660637   1.4896684720971890e+40
  803399.3855066752294078   1.4922276072946879e+40
  804442.9744173511862755   1.4950664787401498e+40
  805486.5219717883737758   1.4981793554588138e+40
  806530.1431053635897115   1.5015610672687023e+40
  807573.7204779658932239   1.5052046808549651e+40
  808617.3745333170518279   1.5091039526213443e+40
  809660.9823822322068736   1.5132507168894010e+40
  810704.6701190038584173   1.5176376392460107e+40
  811748.3090212881797925   1.5222553177087633e+40
  812792.0312741642119363   1.5270953383041920e+40
  813835.7017524798866361   1.5321470879450870e+40
  814879.4597961227409542   1.5374011191927831e+40
  815923.1631611009361222   1.5428456662729347e+40
  816966.9591577968094498   1.5484703264789526e+40
  818010.6976205472601578   1.5542622751477869e+40
  819054.5340514179551974   1.5602102627612681e+40
  820098.3097792285261676   1.5663005372205620e+40
  821142.1890200587222353   1.5725211457831588e+40
  822186.0036920977290720   1.5788575728813986e+40
  823229.9275091980816796   1.5852973381709436e+40
  824273.7825081537012011   1.5918253602677294e+40
  825317.7455339072039351   1.5984287842364476e+40
  826361.6378416216466576   1.6050922499496634e+40
  827405.6221106942975894   1.6118026289640523e+40
  828449.5497535185422748   1.6185447280456897e+40
  829493.5554382924456149   1.6253052839316850e+40
  830537.5170145609881729   1.6320694837657970e+40
  831581.5441919774748385   1.6388241878618188e+40
  832625.5384780972963199   1.6455551771536469e+40
  833669.5872408578870818   1.6522496852743183e+40
  834713.6131288825999945   1.6588942868516468e+40
  835757.6860143045196310   1.6654768351191184e+40
  836801.7428013873286545   1.6719848498294381e+40
  837845.8397464422741905   1.6784070181752549e+40
  838889.9266374423168600   1.6847319608127346e+40
  839934.0471905940212309   1.6909493636520734e+40
  840978.1631773153785616   1.6970490709917968e+40
  842022.3065367835806683   1.7030218936244102e+40
  843066.4504538966575637   1.7088589848187642e+40
  844110.6155825674068183   1.7145523656952713e+40
  845154.7861608911771327   1.7200945445703823e+40
  846198.9718781209085137   1.7254787980645505e+40
  847243.1678211374673992   1.7306989971205836e+40
  848287.3729104000376537   1.7357496809237968e+40
  849331.5929624349810183   1.7406260547874807e+40
  850375.8162306577432901   1.7453238931985490e+40
  851420.0592154454207048   1.7498396761997183e+40
  852464.2997737881960347   1.7541703577162626e+40
  853508.5692338756052777   1.7583136175708421e+40
  854552.8314302394865081   1.7622674980410004e+40
  855597.1284152260050178   1.7660307604613757e+40
  856641.4123753623571247   1.7696024471659494e+40
  857685.7366820201277733   1.7729822831118002e+40
  858730.0429108594544232   1.7761702044445156e+40
  859774.3938562382245436   1.7791667687453172e+40
  860818.7225198847008869   1.7819726942687552e+40
  861863.0996728892205283   1.7845892400537794e+40
  862907.4510520832845941   1.7870177904496363e+40
  863951.8545123784570023   1.7892601786504031e+40
  864996.2292155009927228   1.7913183401946389e+40
  866040.6592178065329790   1.7931945615970339e+40
  867085.0579458309803158   1.7948912204623131e+40
  868129.5150545190554112   1.7964109449823483e+40
  869173.9385515609756112   1.7977564535971437e+40
  870218.4233459293609485   1.7989306154258968e+40
  871262.8722442814614624   1.7999363987583398e+40
  872307.3854027967900038   1.8007768246207864e+40
  873351.8602420211536810   1.8014550316118102e+40
  874396.4023647477151826   1.8019741157055386e+40
  875440.9037387527059764   1.8023373182384654e+40
  876485.4753829219844192   1.8025477454481525e+40
  877530.0039011851185933   1.8026086856079288e+40
  878574.6057902696775272   1.8025232024053262e+40
  879619.1622566855512559   1.8022945867512386e+40
  880663.7951755503891036   1.8019258185020383e+40
  881708.3806908280821517   1.8014201571570038e+40
  882753.0460055461153388   1.8007804679336850e+40
  883797.6619202562142164   1.8000099554815430e+40
  884842.3613768175709993   1.7991113484191874e+40
  885887.0092820012941957   1.7980877826382982e+40
  886931.7449675134848803   1.7969418359988984e+40
  887976.4267489910125732   1.7956765701063668e+40
  889021.2009155800333247   1.7942944050980430e+40
  890065.9187044623540714   1.7927983293427693e+40
  891110.7313720205565915   1.7911906102855639e+40
  892155.4856768790632486   1.7894741628264061e+40
  893200.3303348027402535   1.7876511268687089e+40
  894245.1190958603983745   1.7857243242769658e+40
  895289.9855489606270567   1.7836958133352882e+40
  896334.8068871267605573   1.7815682872170467e+40
  897379.6946003061020747   1.7793437606262044e+40
  898424.5465667075477540   1.7770248119944104e+40
  899469.4556375867687166   1.7746134257679089e+40
  900514.3364619736094028   1.7721120863999721e+40
  901559.2676950929453596   1.7695227574019761e+40
  902604.1761522672604769   1.7668478549881984e+40
  903649.1285800129408017   1.7640893362053795e+40
  904694.0633552757790312   1.7612495638570110e+40
  905739.0358284672256559   1.7583305070955352e+40
  906783.9955627414165065   1.7553344890868400e+40
  907828.9869223892455921   1.7522635084319462e+40
  908873.9703434475231916   1.7491198612416185e+40
  909918.9795527369715273   1.7459055910654699e+40
  910963.9855628276709467   1.7426229779796242e+40
  912009.0117747255135328   1.7392741236615317e+40
  913054.0394670192617923   1.7358613013296030e+40
  914099.0820241235196590   1.7323866811937370e+40
  915144.1306514219613746   1.7288525367135753e+40
  916189.1890508499927819   1.7252611139163272e+40
  917234.2579899659613147   1.7216146913293282e+40
  918279.3318700285162777   1.7179155947209446e+40
  919324.4210398276336491   1.7141661085041475e+40
  920369.5112097554374486   1.7103686379652022e+40
  921414.6235372757073492   1.7065254666668142e+40
  922459.7331940250005573   1.7026390860150195e+40
  923504.8692434646654874   1.6987117864950301e+40
  924549.9979952772846445   1.6947461351481921e+40
  925595.1582529542502016   1.6907444154928645e+40
  926640.3064810545183718   1.6867092676510376e+40
  927685.4894365146756172   1.6826429671097161e+40
  928730.6566675687208772   1.6785482056800323e+40
  929775.8622601918177679   1.6744272431093303e+40
  930821.0489486494334415   1.6702828109711836e+40
  931866.2771837152540684   1.6661171454817808e+40
  932911.4838609271682799   1.6619330005291675e+40
  933956.7352534353267401   1.6577325779882875e+40
  935001.9627214107895270   1.6535186379676530e+40
  936047.2377592911943793   1.6492933364738521e+40
  937092.4865717106731609   1.6450594223482743e+40
  938137.7857756793964654   1.6408189914503222e+40
  939183.0565817739116028   1.6365747640830625e+40
  940228.3803237264510244   1.6323287626609368e+40
  941273.6736746975220740   1.6280836601293042e+40
  942319.0223320263903588   1.6238413919345043e+40
  943364.3387367924442515   1.6196045655276254e+40
  944409.7126598478062078   1.6153750158734046e+40
  945455.0528412866406143   1.6111552662758558e+40
  946500.4525445159524679   1.6069470394588074e+40
  947545.8168677081121132   1.6027527585294356e+40
  948591.2428833771264181   1.5985740193715913e+40
  949636.6321401555323973   1.5944131296845524e+40
  950682.0850491903256625   1.5902715481276663e+40
  951727.4999031608458608   1.5861514521724435e+40
  952772.9802420119522139   1.5820541530204265e+40
  953818.4212847833987325   1.5779816849592687e+40
  954863.9299924634397030   1.5739352010016657e+40
  955909.3980969662079588   1.5699165831553991e+40
  956954.9365013036876917   1.5659268162932694e+40
  958000.4328025386203080   1.5619676235207508e+40
  959046.0025233264314011   1.5580398128430035e+40
  960091.5284974495880306   1.5541449434510001e+40
  961137.1311518260044977   1.5502836410628786e+40
  962182.6883613116806373   1.5464572961749325e+40
  963228.3242962021613494   1.5426663536161184e+40
  964273.9133689302252606   1.5389120265145103e+40
  965319.5798452476738021   1.5351945900546640e+40
  966365.1989286965690553   1.5315150644593536e+40
  967410.8863516635028645   1.5278735836560048e+40
  968456.5338559085503221   1.5242709253849393e+40
  969502.2419308460084721   1.5207071051626707e+40
  970547.9166920592542738   1.5171826712650158e+40
  971593.6468521940987557   1.5136975116472780e+40
  972639.3481869816314429   1.5102519673646295e+40
  973685.1002225942211226   1.5068457948359747e+40
  974730.8275147305103019   1.5034791392416185e+40
  975776.6011169804260135   1.5001516295253659e+40
  976822.3536652936600149   1.4968632272548801e+40
  977868.1484759016893804   1.4936134397118617e+40
  978913.9255736971972510   1.4904020584338062e+40
  979959.7412172519834712   1.4872284766705517e+40
  981005.5421750928508118   1.4840923305304625e+40
  982051.3782738400623202   1.4809929084583493e+40
  983097.2024288700195029   1.4779297065425389e+40
  984143.0586107048438862   1.4749019189963379e+40
  985188.9053287839051336   1.4719089179000015e+40
  986234.7812296175397933   1.4689498148107181e+40
  987280.6499176609795541   1.4660238740579358e+40
  988326.5452006582636386   1.4631301368830873e+40
  989372.4353022318100557   1.4602677762702907e+40
  990418.3496428382350132   1.4574357757946269e+40
  991464.2606351649155840   1.4546332331981910e+40
  992510.1941571942297742   1.4518590860184694e+40
  993556.1267777307657525   1.4491123714159049e+40
  994602.0814741769572720   1.4463919926529248e+40
  995648.0370075108949095   1.4436969447876397e+40
  996694.0130125517025590   1.4410261103622193e+40
  997739.9921821877360344   1.4383784506595850e+40
  998785.9897725750925019   1.4357528412484604e+40
  999831.9924262283602729   1.4331482207929402e+40
 1000878.0116374797653407   1.4305634661900047e+40
 1001924.0373870239127427   1.4279975043935346e+40
 1002970.0780564082087949   1.4254492201837854e+40
 1004016.1265290800947696   1.4229175373010687e+40
 1005062.1882883453508839   1.4204013540301955e+40
 1006108.2591476076049730   1.4178995961645545e+40
 1007154.3416121039772406   1.4154111796550481e+40
 1008200.4344881514552981   1.4129350352467517e+40
 1009246.5372271635569632   1.4104700984618547e+40
 1010292.6517371390946209   1.4080153054481685e+40
 1011338.7742388478945941   1.4055696111559782e+40
 1012384.9099651150172576   1.4031319549861937e+40
 1013431.0516316464636475   1.4007013091702536e+40
 1014477.2081468981923535   1.3982766116765918e+40
 1015523.3683400534791872   1.3958568480136780e+40
 1016569.5452302781632170   1.3934409477482797e+40
 1017615.7233199313050136   1.3910279039320543e+40
 1018661.9202226474881172   1.3886166287991929e+40
 1019708.1159794268896803   1.3862061149229690e+40
 1020754.3327572940615937   1.3837952479459290e+40
 1021800.5457999993814155   1.3813830111987501e+40
 1022846.7824094818206504   1.3789682518944177e+40
 1023893.0125173095148057   1.3765499350120549e+40
 1024939.2689929571934044   1.3741268571143363e+40
